45 17
26 738
302 347
80 81
13 58
78 79
676 677
577 622
681 682
645 690
612 657
524 569
685 686
18 63
62 63
127 128
684 685
7 8
659 704
746 747
629 674
227 228
527 528
550 595
451 452
616 617
51 96
752 753
616 661
198 199
331 332
596 641
343 344
335 336
212 257
358 359
169 170
292 337
542 543
450 451
605 650
268 313
2 47
444 445
747 748
22 67
290 335
583 584
669 714
446 491
464 509
211 256
737 738
122 167
598 599
206 251
441 486
452 497
590 591
364 365
311 312
185 186
638 683
447 448
483 484
412 457
514 515
117 162
357 358
703 704
558 559
713 714
491 536
410 411
209 210
693 738
160 205
124 169
270 271
442 487
55 56
484 529
727 728
662 663
433 478
254 255
501 546
610 611
736 737
39 40
322 367
702 747
416 417
358 403
140 141
682 727
168 213
507 552
536 537
189 190
198 243
678 679
690 691
0 1
228 229
391 392
298 299
47 48
512 557
428 473
600 645
102 103
265 266
98 99
279 324
347 348
586 587
722 723
145 190
568 613
521 566
262 307
81 126
52 53
740 741
138 139
125 126
73 118
197 242
391 436
519 520
135 136
131 132
229 274
408 453
450 495
710 711
644 689
681 726
690 735
325 326
91 92
453 498
545 590
621 666
98 143
469 514
259 260
160 161
103 148
355 356
29 30
504 549
423 468
250 251
716 761
320 365
165 210
613 614
30 75
620 665
243 288
361 362
557 602
585 630
285 286
94 95
316 317
16 17
39 84
116 117
443 444
466 467
34 35
508 553
231 232
505 506
85 130
428 429
395 396
536 581
760 761
219 264
627 628
317 362
285 330
481 482
635 680
154 199
112 113
603 648
36 81
403 404
597 642
694 695
342 387
438 483
754 755
402 447
702 703
501 502
188 189
291 336
136 181
683 684
272 273
684 729
238 283
256 301
49 94
68 69
308 353
204 205
522 523
528 529
272 317
526 527
334 335
574 575
427 472
83 128
129 174
45 46
134 179
609 610
309 310
568 569
715 760
462 463
217 218
452 453
159 160
607 652
439 484
200 245
735 736
236 237
294 295
19 20
129 130
304 349
534 579
369 414
35 36
699 700
152 197
348 393
417 418
608 653
678 723
663 708
606 651
353 398
27 72
155 156
454 455
633 634
258 303
637 638
161 206
24 25
753 754
730 731
628 673
680 725
479 524
415 460
86 131
455 456
597 598
147 192
25 70
296 341
10 55
127 172
326 327
718 763
454 499
544 589
477 478
574 619
460 505
237 282
180 181
509 510
624 625
1 46
543 544
614 615
580 581
706 751
734 735
341 386
627 672
367 412
648 693
246 291
458 503
517 562
48 93
682 683
749 750
62 107
224 269
4 5
5 6
463 508
395 440
161 162
709 710
518 563
15 16
577 578
365 366
366 411
688 689
239 240
713 758
257 302
582 583
390 391
635 636
381 382
309 354
190 191
247 248
215 216
42 87
264 309
158 203
70 71
163 164
338 383
389 434
502 547
63 108
300 345
546 591
191 236
645 646
385 386
421 422
220 221
295 340
532 577
538 583
171 216
656 701
105 150
517 518
118 163
677 722
174 219
422 467
183 184
43 44
399 444
14 59
77 78
595 640
563 564
260 261
560 605
750 751
487 488
420 465
649 650
75 76
537 582
609 654
16 61
321 322
618 619
182 227
437 482
411 412
91 136
8 9
332 333
271 316
243 244
38 83
71 72
718 719
513 514
495 540
600 601
551 596
723 724
283 284
255 256
665 666
177 178
552 553
696 741
548 549
675 720
111 112
314 359
99 100
323 368
242 243
592 637
191 192
588 589
743 744
498 499
84 129
649 694
431 432
128 173
467 468
425 426
571 616
555 556
384 385
236 281
418 419
477 522
712 713
468 513
436 437
405 450
572 573
66 67
432 477
44 89
733 734
280 281
642 643
474 519
152 153
110 155
21 66
277 278
522 567
639 640
151 196
509 554
115 116
461 506
83 84
373 374
241 242
745 746
172 217
516 561
469 470
673 718
222 267
503 504
137 182
53 54
230 275
738 739
632 633
550 551
138 183
193 194
399 400
646 647
435 436
176 177
372 373
547 592
356 401
232 277
426 427
378 423
245 246
264 265
174 175
305 306
368 369
689 734
292 293
108 153
169 214
28 29
668 713
60 105
604 605
17 62
133 178
707 708
57 102
37 82
144 189
373 418
248 249
32 33
340 385
377 422
440 485
10 11
694 739
274 275
312 357
54 99
575 576
398 399
615 616
697 742
407 408
675 676
303 304
7 52
318 363
763 764
500 501
207 252
258 259
455 500
533 578
168 169
471 516
118 119
60 61
167 212
287 288
69 70
464 465
353 354
104 149
5 50
591 636
81 82
685 730
380 425
494 539
388 389
274 319
409 410
541 586
367 368
155 200
485 530
76 77
584 629
382 383
219 220
252 253
437 438
565 610
312 313
228 273
480 525
2 3
68 113
578 623
20 65
141 142
663 664
711 712
183 228
448 493
475 476
149 194
712 757
251 296
289 334
49 50
327 372
516 517
489 534
345 346
709 754
758 759
336 381
443 488
202 203
178 179
319 320
175 176
88 133
22 23
106 151
371 372
465 466
164 165
57 58
698 699
150 195
672 717
361 406
732 733
66 111
594 639
234 279
273 318
252 297
121 166
510 511
564 565
19 64
661 706
42 43
519 564
393 394
30 31
565 566
194 239
206 207
333 334
126 171
329 330
41 86
315 316
404 449
331 376
762 763
253 254
441 442
657 658
493 494
387 432
352 397
379 424
79 124
701 702
301 302
216 261
375 376
540 585
266 267
360 361
638 639
237 238
112 157
307 352
533 534
661 662
301 346
430 475
389 390
506 507
458 459
622 667
223 224
571 572
330 331
626 671
185 230
491 492
658 703
25 26
573 618
97 142
306 307
739 740
474 475
163 208
408 409
511 556
484 485
524 525
181 226
652 653
95 96
512 513
490 491
90 91
476 477
625 670
195 196
605 606
705 706
96 141
714 715
298 343
339 340
687 732
257 258
3 4
59 60
592 593
114 159
262 263
233 234
451 496
82 127
720 721
140 185
692 737
654 699
148 193
120 165
538 539
505 550
146 147
64 109
123 168
261 306
201 202
580 625
368 413
426 471
59 104
741 742
559 560
744 745
74 75
254 299
525 570
158 159
634 679
276 321
560 561
92 93
187 232
56 57
626 627
190 235
12 13
588 633
587 588
370 371
582 627
378 379
18 19
756 757
33 78
350 351
342 343
396 397
223 268
204 249
248 293
132 177
328 373
165 166
56 101
306 351
630 631
435 480
473 518
643 688
470 471
200 201
634 635
606 607
401 446
225 226
611 612
457 458
189 234
142 187
641 642
369 370
6 7
660 661
43 88
111 156
621 622
665 710
531 532
623 624
99 144
310 311
535 580
751 752
208 253
244 289
655 700
167 168
46 47
